image: /home/yf/arv_ws/src/arv_navigation/maps/12345.pgm
resolution: 0.020000
origin: [-15.300000, -12.740000, 0.000000]
negate: 0
occupied_thresh: 0.65
free_thresh: 0.196

