image: jioaxue.pgm
resolution: 0.020000
origin: [-15.300000, -14.020000, 0.000000]
negate: 0
occupied_thresh: 0.65
free_thresh: 0.196

