image: yk.pgm
resolution: 0.020000
origin: [-2.500000, -13.380000, 0.000000]
negate: 0
occupied_thresh: 0.65
free_thresh: 0.196

