    position: 
      x: 0.0319571464971
      y: 0.00100550305837
      z: 0.0
    orientation: 
      x: 0.0
      y: 0.0
      z: -0.00311964195402
      w: 0.999995133905


